
------------------------------------------------------------------------------------------------------------------------------------
All maxima | (local maximum, local maximiser)
Max no. 0 | (np.float64(0.0004920626876424644), array([1.21990775, 0.85579282, 1.03282471, 0.30945597, 0.33287572,
       9.59544275, 5.65516404, 0.35696022, 1.21000183]))
Max no. 1 | (np.float64(0.00032916185361845935), array([1.29575734, 0.99217625, 0.11871115, 1.15824791, 0.06048651,
       3.03972309, 2.95475755, 0.68839749, 3.25884139]))
Max no. 2 | (np.float64(0.0003267898480391433), array([1.49180678, 1.37108619, 1.05410772, 0.71669725, 0.56620622,
       6.79565228, 9.12555934, 0.03349623, 7.99853951]))
Max no. 3 | (np.float64(0.00031661956764710643), array([1.35294349, 1.81741542, 0.95169105, 0.33744232, 0.30903138,
       8.3850402 , 6.52430617, 0.62279467, 4.6770362 ]))
Max no. 4 | (np.float64(0.0002916834920127663), array([1.20424011, 0.86523429, 0.42358422, 1.04230303, 0.41620154,
       3.09069665, 9.83918607, 0.09203903, 5.92397308]))
Max no. 5 | (np.float64(0.0002889946140050127), array([ 1.54521849,  0.74167095,  0.38794231,  0.14216907,  0.47643635,
       11.9933562 ,  3.2164664 ,  0.04517379,  5.4754062 ]))
Max no. 6 | (np.float64(0.00028678040960947865), array([ 1.38144889,  0.36768593,  0.68483624,  0.53645729,  0.13483036,
       12.23302207,  7.8319038 ,  1.27985448,  1.66107705]))
Max no. 7 | (np.float64(0.0002595032307398669), array([ 1.30424128,  1.59145133,  0.10204029,  0.25461491,  0.58466429,
        4.47757491, 10.74080773,  0.94393493,  3.41925939]))
Max no. 8 | (np.float64(0.00025438084275076903), array([1.27654704, 1.4838076 , 0.17603889, 1.14781905, 0.37878923,
       2.02559187, 5.64317564, 0.88229081, 8.54813003]))
Max no. 9 | (np.float64(0.00025436057113162645), array([1.19786841, 0.60928496, 0.42554138, 1.04640769, 0.41050782,
       3.05088289, 9.8496437 , 0.1217571 , 5.89168564]))
Max no. 10 | (np.float64(0.00024198842704272678), array([ 1.1476381 ,  0.88685746,  0.13147943,  0.70289742,  0.09185663,
        6.84956585, 12.11293629,  0.03268186,  5.75849984]))
Max no. 11 | (np.float64(0.00024111432987858892), array([1.42085302, 0.98410643, 0.2806501 , 1.13000739, 0.20025695,
       1.92249344, 9.94959473, 0.01720191, 9.72729482]))
Max no. 12 | (np.float64(0.00023799778725997422), array([ 1.09355621,  1.04027402,  0.93436714,  0.97978715,  0.35708729,
       11.36746909,  4.60208737,  0.78028534,  3.13509951]))
Max no. 13 | (np.float64(0.0002295570775910005), array([1.26529517, 1.6480184 , 0.09995172, 0.75807516, 0.32523343,
       7.28337079, 4.51259966, 0.01227   , 6.47355227]))
Max no. 14 | (np.float64(0.0002178980148576923), array([1.29486312, 1.00131721, 0.11731926, 1.15907795, 0.06086296,
       3.01415448, 2.94988107, 0.6954354 , 3.22482042]))
Max no. 15 | (np.float64(0.00021709482638605142), array([ 1.16522418,  0.30472485,  0.12387036,  0.47071386,  0.169783  ,
       10.46133562,  3.72182033,  0.80419769,  7.53802326]))
Max no. 16 | (np.float64(0.00021663656684413912), array([ 1.30817692,  1.6028475 ,  0.50792048,  0.44152745,  0.52436971,
        2.59148639, 10.57914181,  1.70998216, 11.71436088]))
Max no. 17 | (np.float64(0.00021527380963153896), array([1.08150138, 0.77098604, 0.21198518, 0.32748344, 0.58562529,
       3.94144803, 6.33260315, 0.01227   , 1.21      ]))
Max no. 18 | (np.float64(0.0002105555223292341), array([ 1.42269195,  1.03320444,  0.58627851,  0.58963654,  0.47931833,
        4.39013167,  5.68271851,  0.31781534, 10.01944725]))
Max no. 19 | (np.float64(0.00021011469860606188), array([ 1.44026206,  0.58902749,  1.12460598,  0.22063081,  0.33847346,
        7.09371978, 10.84158128,  0.61034334,  3.50005424]))
Max no. 20 | (np.float64(0.00020977280645217058), array([ 1.15597604,  1.05668313,  0.20811624,  1.02906175,  0.22653438,
       12.17251727,  3.15134016,  0.27709018,  2.58567865]))
Max no. 21 | (np.float64(0.00020725058102065238), array([1.21657585, 1.38992307, 0.46022415, 0.93554287, 0.49827714,
       3.46445815, 5.80838255, 0.8765552 , 1.24108422]))
Max no. 22 | (np.float64(0.00020050045638075932), array([1.42296882, 0.80151992, 0.3881223 , 0.95581414, 0.50474043,
       8.892643  , 9.22559204, 0.95026565, 6.58487369]))
Max no. 23 | (np.float64(0.00019931923496357135), array([ 1.43699475,  0.31426488,  0.85544485,  0.39543483,  0.2106491 ,
        4.4266532 , 11.52442172,  0.96409759,  2.29206333]))
Max no. 24 | (np.float64(0.0001990168526785037), array([ 1.46948198,  0.923201  ,  0.44026894,  0.43393674,  0.41848658,
        3.79576655, 12.2364881 ,  0.92654818,  1.41173055]))
Max no. 25 | (np.float64(0.00019901053502352067), array([1.08618199, 0.78128733, 0.04379227, 0.32579113, 0.60488004,
       6.59271154, 4.28444031, 0.14142994, 7.67073344]))
Max no. 26 | (np.float64(0.00019067755667535825), array([ 1.4396546 ,  0.57988533,  1.11590512,  0.23392448,  0.3409064 ,
        7.11780162, 10.84205803,  0.61612303,  3.51620703]))
Max no. 27 | (np.float64(0.00019034777639437666), array([ 1.56128221,  0.33094264,  0.50728268,  0.81557174,  0.43977261,
       12.19491317, 12.21061128,  0.18579629,  1.54783466]))
Max no. 28 | (np.float64(0.00019031273483185201), array([1.55396198, 0.80975016, 0.75478921, 0.53318702, 0.26390492,
       5.50028434, 4.25883218, 0.15497813, 1.81636176]))
Max no. 29 | (np.float64(0.0001879496539918898), array([1.3779428 , 0.49030535, 0.06225554, 0.07366529, 0.50796303,
       9.98832614, 4.1690975 , 1.75183636, 9.49564736]))
Max no. 30 | (np.float64(0.00018622314744893773), array([ 1.605     ,  1.09092879,  0.83512637,  0.58853042,  0.29216162,
       11.33792329, 12.21594232,  0.01950636,  1.22827595]))
Max no. 31 | (np.float64(0.0001843536727255538), array([ 1.03885897,  1.0462822 ,  0.11331615,  0.25176803,  0.43950492,
       11.72302216,  5.4257536 ,  0.29856583,  4.42545809]))
Max no. 32 | (np.float64(0.0001836693845978839), array([ 1.42262501,  1.02406336,  0.58663065,  0.59185312,  0.47784757,
        4.39041115,  5.68710823,  0.3202001 , 10.01773449]))
Max no. 33 | (np.float64(0.00018342802585753307), array([ 1.25107315,  0.29539808,  0.75747825,  0.59853439,  0.2394633 ,
        5.66207559, 11.35983143,  0.419986  ,  2.15174102]))
Max no. 34 | (np.float64(0.000182643844645675), array([1.51592819, 1.16338616, 0.19718215, 0.0756449 , 0.4354263 ,
       9.68141715, 5.68369951, 1.11945281, 4.23484176]))
Max no. 35 | (np.float64(0.00018220837501922718), array([ 1.37813684,  0.89495675,  0.60541055,  0.65304828,  0.43808423,
       12.24997486,  6.48151986,  0.11507715,  1.3229639 ]))
Max no. 36 | (np.float64(0.0001815002216534413), array([ 1.49150043,  0.92927732,  0.71925419,  0.18778846,  0.04356081,
        7.37673999, 11.68932518,  1.04787118,  5.99723687]))
Max no. 37 | (np.float64(0.00018049881686281986), array([ 1.22081513,  0.27884488,  0.22938107,  0.12722471,  0.370206  ,
       11.926144  ,  8.19092404,  1.3292055 ,  4.90440752]))
Max no. 38 | (np.float64(0.00017999570463357175), array([ 1.25738407,  1.68386822,  0.71819909,  0.64106249,  0.38680041,
       12.23291782,  7.9581119 ,  0.8217202 , 12.23324153]))
Max no. 39 | (np.float64(0.0001792870178336088), array([1.01980742, 0.56070331, 0.38765123, 0.71272727, 0.35427504,
       5.05465117, 8.67890214, 0.30867228, 1.50571196]))
Max no. 40 | (np.float64(0.0001787078095688571), array([1.26116683, 0.69775797, 0.45575902, 0.99802686, 0.05988973,
       8.93395758, 2.27430433, 1.7886352 , 2.39257931]))
Max no. 41 | (np.float64(0.00017768355144666154), array([ 1.17269752,  1.53610137,  0.81008523,  1.04351472,  0.55189389,
        1.44356467, 11.14383179,  0.71976382, 10.54601634]))
Max no. 42 | (np.float64(0.00017727555019514643), array([ 1.47170658,  1.30711747,  0.44144757,  0.41628593,  0.43004196,
        3.90225148, 12.0969162 ,  0.9443665 ,  1.70696324]))
Max no. 43 | (np.float64(0.0001765173802001579), array([1.13509496, 1.20201118, 0.56814347, 0.13408864, 0.24835028,
       2.94447104, 4.24730232, 1.03159477, 2.29272349]))
Max no. 44 | (np.float64(0.00017563661462404316), array([1.29575564, 0.44315724, 0.59683677, 0.24643263, 0.44426227,
       4.14124644, 9.85693348, 0.44094544, 1.30420981]))
Max no. 45 | (np.float64(0.00017460800895997692), array([1.47842245, 0.25313523, 0.11626503, 0.8486076 , 0.07840938,
       7.33441446, 4.0729282 , 1.11745893, 1.73550071]))
Max no. 46 | (np.float64(0.00017386489375969497), array([ 1.47158426,  1.29797632,  0.44148715,  0.41796989,  0.42976599,
        3.89782998, 12.09747287,  0.94419508,  1.70392643]))
Max no. 47 | (np.float64(0.00017314643871290988), array([ 1.4563278 ,  1.54799288,  0.75061767,  0.51009354,  0.12070925,
        3.3647287 ,  6.4643684 ,  0.28751426, 10.69866871]))
Max no. 48 | (np.float64(0.0001731443112657974), array([1.2229248 , 0.87407306, 1.0278998 , 0.3009159 , 0.33109295,
       9.51640687, 5.61705783, 0.3263867 , 1.21000365]))
Max no. 49 | (np.float64(0.00017244217322749482), array([1.14365472, 1.18372998, 0.57733943, 0.13703449, 0.26098849,
       2.97331287, 4.23340268, 1.03464974, 2.29077198]))
Max no. 50 | (np.float64(0.0001714073474382216), array([1.14388095, 1.22943563, 0.61262529, 0.12971371, 0.26506676,
       2.86453395, 4.30767971, 1.03222717, 2.18411475]))
Max no. 51 | (np.float64(0.00017119625094145398), array([1.29853179, 0.51323043, 0.43895916, 0.48299984, 0.34174278,
       6.20346545, 6.98819854, 0.85576206, 2.93245788]))
Max no. 52 | (np.float64(0.0001710852164061199), array([1.14445339, 1.28428187, 0.56315409, 0.13038089, 0.26053019,
       2.80550392, 4.09440238, 1.03988554, 2.1672785 ]))
Max no. 53 | (np.float64(0.00017105577743294745), array([ 1.47163474,  1.27969406,  0.44210057,  0.42061814,  0.42964293,
        3.90194684, 12.10330546,  0.94425143,  1.70738008]))
Max no. 54 | (np.float64(0.00016993528920609485), array([1.58023894, 0.22835434, 0.93969561, 0.10946563, 0.20238021,
       5.57680347, 7.91249966, 0.11007861, 6.73733458]))
Max no. 55 | (np.float64(0.00016977027322580233), array([ 1.43223624,  0.53205714,  0.70149824,  0.47740499,  0.25485595,
        7.29284495,  9.56473804,  0.99701831, 10.43070744]))
Max no. 56 | (np.float64(0.00016969567307419364), array([1.14339862, 1.23857664, 0.58774088, 0.13364519, 0.26490488,
       2.82099404, 4.16468056, 1.03497369, 2.22480676]))
Max no. 57 | (np.float64(0.00016954234985662846), array([1.1413732 , 1.11060761, 0.64284434, 0.17013454, 0.25746039,
       4.40383253, 4.34413711, 1.05018898, 2.60610657]))
Max no. 58 | (np.float64(0.00016842903074436248), array([1.50088779, 0.57805758, 0.89055855, 1.07979967, 0.34084831,
       3.76315556, 9.79404865, 1.2530392 , 3.14402666]))
Max no. 59 | (np.float64(0.00016814949384311135), array([1.44081919, 0.40202407, 0.30115799, 0.2115143 , 0.45913942,
       6.14480703, 3.92519035, 1.50597894, 8.47247077]))
Max no. 60 | (np.float64(0.00016736505893606154), array([1.22157395, 0.51799944, 0.19800447, 0.14261154, 0.40987079,
       5.16611647, 3.17668714, 0.80602608, 7.80841763]))
Max no. 61 | (np.float64(0.00016616502961092956), array([1.29340234, 1.01045843, 0.11608893, 1.1605223 , 0.06151793,
       2.98408967, 2.95015934, 0.70137203, 3.17337399]))
Max no. 62 | (np.float64(0.00016540687292174465), array([1.14383671, 1.21115307, 0.57092325, 0.13379184, 0.24598711,
       2.90546631, 4.22746773, 1.03259703, 2.3063426 ]))
Max no. 63 | (np.float64(0.00016452867933713737), array([ 1.47152663,  1.32539974,  0.44159651,  0.41713637,  0.43000421,
        3.89977909, 12.09556745,  0.9445691 ,  1.70764398]))
Max no. 64 | (np.float64(0.000163545665821598), array([1.44955934, 0.27580118, 0.09238292, 0.63319143, 0.18402811,
       5.53394266, 5.51730529, 1.2778838 , 9.23714045]))
Max no. 65 | (np.float64(0.0001635361763845025), array([1.14428338, 1.1928714 , 0.57719777, 0.13882793, 0.26035948,
       2.9511544 , 4.22908195, 1.04550789, 2.2799805 ]))
Max no. 66 | (np.float64(0.0001634224558246418), array([1.26181373, 0.67947588, 0.45991289, 0.99812031, 0.05993264,
       8.95541598, 2.30396775, 1.78858079, 2.41364448]))
Max no. 67 | (np.float64(0.0001627334946188397), array([1.14264703, 1.16544795, 0.60020812, 0.1412935 , 0.2651585 ,
       2.99559749, 4.198445  , 1.03424958, 2.31549048]))
Max no. 68 | (np.float64(0.00016247893131521903), array([1.14253854, 1.17458896, 0.60031323, 0.14061349, 0.26543934,
       2.97843144, 4.19331254, 1.03385158, 2.30840641]))
Max no. 69 | (np.float64(0.00016243341882837437), array([1.58055699, 0.21921341, 0.93996047, 0.10952229, 0.20238143,
       5.58453728, 7.91506884, 0.11971323, 6.7480809 ]))
Max no. 70 | (np.float64(0.00016118253624281676), array([1.21723772, 0.37993332, 0.54717609, 0.56301623, 0.2186579 ,
       3.65672898, 7.53440428, 0.77798855, 6.65764446]))
Max no. 71 | (np.float64(0.00016049798927953853), array([1.14647173, 1.22029448, 0.57186078, 0.13830194, 0.26460328,
       2.91145118, 4.16431976, 1.03381673, 2.27772368]))
Max no. 72 | (np.float64(0.00016005430569749577), array([1.14615111, 0.24645556, 0.12485573, 1.04840548, 0.10557836,
       4.6823237 , 8.40399434, 1.03548377, 2.22364676]))
Max no. 73 | (np.float64(0.0001597007116519213), array([1.58004619, 0.2374954 , 0.93891188, 0.1095361 , 0.20237127,
       5.57156879, 7.91456175, 0.10290445, 6.72691998]))
Max no. 74 | (np.float64(0.00015799642436233453), array([ 1.47163437,  1.31625862,  0.44156116,  0.4178576 ,  0.42983755,
        3.89995214, 12.09797807,  0.94434112,  1.7060697 ]))
Max no. 75 | (np.float64(0.00015519538099635527), array([1.46160944, 0.47802492, 0.713101  , 0.77272946, 0.52765686,
       4.84351712, 7.33378915, 1.8405    , 8.82242316]))
Max no. 76 | (np.float64(0.0001550782428939868), array([1.5003055 , 0.56891745, 0.89200966, 1.07943685, 0.34106972,
       3.79889318, 9.79545548, 1.25948263, 3.19907597]))
Max no. 77 | (np.float64(0.00015345131854118527), array([ 1.30921537,  1.10281759,  0.8604932 ,  0.91961002,  0.52575558,
       10.40529109, 11.08784504,  0.08919451,  4.77920757]))
Max no. 78 | (np.float64(0.0001519126484732998), array([1.32050548, 1.39897666, 0.30577491, 0.94251619, 0.46553717,
       3.62741521, 7.65513752, 0.58466295, 1.54368632]))
Max no. 79 | (np.float64(0.000150642517688126), array([ 1.5270554 ,  1.73275838,  0.21443683,  0.68360756,  0.57548461,
        4.64561955, 11.75797144,  0.01604149, 12.24984271]))
Max no. 80 | (np.float64(0.00015041580336854163), array([1.46661193, 0.48716369, 0.70936401, 0.7825235 , 0.5282145 ,
       4.86254027, 7.23691451, 1.83894294, 8.77406343]))
Max no. 81 | (np.float64(0.0001491525155234328), array([ 1.07613309,  1.35942279,  0.52873037,  0.19074888,  0.14388251,
        3.30651162,  9.84801509,  1.18944708, 12.22120326]))
Max no. 82 | (np.float64(0.0001478461412127817), array([1.14327543, 1.33912968, 0.60136056, 0.17196816, 0.26458006,
       2.65506184, 4.31830484, 1.06413979, 2.64464163]))
Max no. 83 | (np.float64(0.00014763085861559634), array([1.605     , 0.62935175, 0.27305514, 0.44162409, 0.49157305,
       3.2275271 , 9.15196891, 0.15059262, 3.06827814]))
Max no. 84 | (np.float64(0.0001469230595174709), array([1.13475741, 1.13802513, 0.61425108, 0.14176483, 0.26490383,
       3.11496764, 4.22371025, 1.03204376, 2.35031878]))
Max no. 85 | (np.float64(0.00014678599844275206), array([ 1.38944597,  1.0707242 ,  0.89226601,  0.18638048,  0.17963838,
       10.95185366,  7.33285437,  1.5802888 ,  4.69449471]))
Max no. 86 | (np.float64(0.00014615560612156188), array([1.34006388, 1.13081123, 0.17404789, 0.35651039, 0.35857207,
       8.27079656, 1.71938825, 1.29865933, 2.99278823]))
Max no. 87 | (np.float64(0.00014539437209297717), array([1.1566707 , 0.161673  , 0.26355558, 0.68818372, 0.06280586,
       7.95840793, 6.47790112, 0.80231197, 6.62194861]))
Max no. 88 | (np.float64(0.00014466017282807118), array([1.0914554 , 0.90949477, 0.51832753, 0.1125716 , 0.223747  ,
       2.82324369, 5.26047665, 1.02464311, 2.40033407]))
Max no. 89 | (np.float64(0.0001444546909260734), array([1.1967181 , 0.37439815, 0.05560931, 0.89237939, 0.03681   ,
       4.1288999 , 7.470297  , 1.02478001, 2.86048129]))
Max no. 90 | (np.float64(0.00014281381663878518), array([ 1.11171883,  0.82814773,  0.0363585 ,  1.12845064,  0.27114944,
       12.08556767,  1.89038812,  0.14923514,  4.62578017]))
Max no. 91 | (np.float64(0.00014280820813582657), array([1.0599187 , 0.96913417, 0.07218928, 0.61738947, 0.38953905,
       6.86551374, 1.78199425, 0.11738511, 5.70584213]))
Max no. 92 | (np.float64(0.0001425591841201449), array([ 1.43699276,  0.3051178 ,  0.85382571,  0.36623175,  0.21195595,
        4.2300082 , 11.43350664,  0.95997013,  2.28914251]))
Max no. 93 | (np.float64(0.00014029811186606602), array([1.2381267 , 0.65511399, 0.1505196 , 0.14835309, 0.40313304,
       4.90478175, 3.21954973, 0.77361221, 8.12421568]))
Max no. 94 | (np.float64(0.00013916558474806877), array([1.19441732, 0.18848625, 1.02167877, 0.37565297, 0.33038212,
       9.46135899, 5.86954606, 0.30874378, 1.46721498]))
Max no. 95 | (np.float64(0.0001388201446345127), array([ 1.39381301,  1.44810889,  1.04889691,  0.47106678,  0.25419295,
        1.97419043, 11.61390516,  0.35482912, 11.09311201]))
Max no. 96 | (np.float64(0.00013872624754306), array([1.15645317, 1.25023626, 0.44891231, 1.02491935, 0.30179908,
       1.21001571, 3.58144393, 0.19466362, 7.16902577]))
Max no. 97 | (np.float64(0.00013833391889534459), array([1.51398698, 0.43739624, 0.3032875 , 0.4062762 , 0.49587978,
       3.70263744, 9.64792682, 0.18158155, 2.47261257]))
Max no. 98 | (np.float64(0.00013804661153629278), array([1.26635907, 0.15801224, 0.15410915, 0.76572659, 0.31402661,
       7.40758335, 4.26770379, 0.01227   , 6.47229397]))
Max no. 99 | (np.float64(0.00013663402512632393), array([1.14637743, 1.41225906, 0.58577569, 0.14624499, 0.26467295,
       2.93505995, 4.2258366 , 1.05495486, 2.55303776]))
Max no. 100 | (np.float64(0.00013611433446680576), array([1.44585441, 0.5337812 , 0.55787859, 1.19343559, 0.10648203,
       7.62048954, 2.63730064, 0.48798008, 1.99182756]))
Max no. 101 | (np.float64(0.0001360704496932061), array([1.14314029, 1.08317879, 0.61100352, 0.14848724, 0.26387091,
       3.23784551, 4.3254684 , 1.04496366, 2.39965281]))
Max no. 102 | (np.float64(0.00013596892856211756), array([1.37877142, 0.81778351, 0.92665207, 1.21266879, 0.41294644,
       8.5146247 , 3.54300545, 1.12100848, 1.56412991]))
Max no. 103 | (np.float64(0.0001356880704522279), array([1.05735143, 0.94171769, 0.07262275, 0.61562958, 0.38361105,
       6.90220405, 1.80254792, 0.13937576, 5.37061785]))
Max no. 104 | (np.float64(0.00013527128009301187), array([1.56648517, 1.50315224, 0.2136239 , 0.24646259, 0.35984574,
       7.65435084, 6.43750709, 1.03090874, 3.12789341]))
Max no. 105 | (np.float64(0.0001348670277238239), array([1.1442054 , 1.37569417, 0.59858102, 0.16657013, 0.26456422,
       2.65595525, 4.28276958, 1.05949884, 2.58785698]))
Max no. 106 | (np.float64(0.0001346176546610286), array([1.14179335, 1.11974291, 0.60138967, 0.14453965, 0.26654791,
       3.19413328, 4.2096336 , 1.03483714, 2.37859494]))
Max no. 107 | (np.float64(0.00013382642278808758), array([1.60481911, 1.75827173, 0.09195613, 1.22686749, 0.31929636,
       3.38258223, 5.76834231, 0.671737  , 1.22038086]))
Max no. 108 | (np.float64(0.00013323736343356699), array([1.0671421 , 0.71694179, 0.20577774, 0.33624047, 0.25241916,
       5.94498384, 4.50960088, 0.61583574, 7.99058452]))
Max no. 109 | (np.float64(0.00013288742216742056), array([1.52037323, 0.45566767, 0.27535003, 0.39971009, 0.47181677,
       3.37791616, 9.25547382, 0.17616208, 2.41328689]))
Max no. 110 | (np.float64(0.00013278197290832587), array([1.60429264, 0.21015795, 1.02401173, 0.11796163, 0.20202871,
       7.30761348, 8.21477879, 0.67657602, 8.34558149]))
Max no. 111 | (np.float64(0.00013274547913506892), array([1.59944676, 1.2570198 , 0.82695038, 0.22553788, 0.14843032,
       3.21459031, 5.5115957 , 0.53028169, 7.80040835]))
Max no. 112 | (np.float64(0.00013264500629437916), array([1.07640915, 1.51493667, 0.34739146, 0.28819749, 0.48104448,
       2.46268929, 3.96221754, 1.26502874, 2.60775614]))
Max no. 113 | (np.float64(0.00013156050977838272), array([1.13533007, 1.1471661 , 0.59681691, 0.14061819, 0.26610961,
       3.18821057, 4.19653806, 1.03107162, 2.354851  ]))
Max no. 114 | (np.float64(0.00013086777460950054), array([1.18459921, 1.78917029, 0.34665377, 0.32311565, 0.38478715,
       2.34599853, 3.64620424, 1.25844558, 2.56698009]))
Max no. 115 | (np.float64(0.00013083771224381096), array([ 1.55495776,  1.66919262,  0.17943814,  0.16488555,  0.45678675,
        9.24233996, 10.53042834,  0.56933298,  6.69914143]))
Max no. 116 | (np.float64(0.00013053265578414562), array([ 1.14264169,  0.94697499,  0.03811515,  1.14817589,  0.28030148,
       11.5897164 ,  2.71591966,  0.25103757,  3.06634245]))
Max no. 117 | (np.float64(0.0001297780640574748), array([ 1.40700204,  1.55834328,  0.58551531,  0.0197852 ,  0.2409264 ,
        3.93500348, 11.76701284,  1.51833314,  7.09343864]))
Max no. 118 | (np.float64(0.0001297286667896028), array([1.06502518, 0.726083  , 0.20572561, 0.3381544 , 0.24941451,
       5.96593816, 4.49788621, 0.61657746, 7.92116376]))
Max no. 119 | (np.float64(0.00012960067095428392), array([1.14597493, 1.45796441, 0.57714572, 0.13836662, 0.26385439,
       2.78754616, 4.18869896, 1.05748649, 2.57555106]))
Max no. 120 | (np.float64(0.00012844032201437213), array([1.1452175 , 1.4945289 , 0.57133771, 0.13404368, 0.26403222,
       2.70128136, 4.16154016, 1.05837018, 2.58599697]))
Max no. 121 | (np.float64(0.0001282982869441382), array([ 1.13507359,  0.54830367,  0.46288706,  0.55342568,  0.28198528,
        4.89806014, 11.39249805,  0.26390749,  5.22765792]))
Max no. 122 | (np.float64(0.00012791234780362698), array([1.46521734, 0.35004664, 0.7146064 , 0.81817989, 0.51598215,
       4.7703965 , 7.22326488, 1.82951094, 8.77967862]))
Max no. 123 | (np.float64(0.00012783207700543017), array([1.605     , 0.49830516, 0.83470887, 0.27900716, 0.1501638 ,
       3.42594944, 5.70033685, 0.48791991, 7.93225937]))
Max no. 124 | (np.float64(0.0001275346737054747), array([1.32891331, 1.35263985, 0.53480843, 1.22398707, 0.03729921,
       6.36381701, 8.70704102, 0.01609177, 7.57850598]))
Max no. 125 | (np.float64(0.00012746450037599217), array([1.06520645, 0.75350639, 0.2077576 , 0.33726133, 0.24931089,
       5.95966967, 4.49323433, 0.61676142, 7.9361564 ]))
Max no. 126 | (np.float64(0.00012663970793351463), array([1.51500848, 0.13201754, 0.33869291, 0.92883417, 0.24478   ,
       8.50468626, 7.9888947 , 0.48975406, 3.3624866 ]))
Max no. 127 | (np.float64(0.0001266006935329617), array([ 1.15879434,  0.84643076,  0.01904648,  0.70663714,  0.07906522,
       12.25      ,  2.35420525,  0.20534985,  4.30102828]))
Max no. 128 | (np.float64(0.00012610352423211296), array([ 1.48838292,  1.47044435,  0.86653294,  0.10917245,  0.13133576,
        4.2810286 , 10.81874693,  1.13778347,  8.21165246]))
Max no. 129 | (np.float64(0.00012598543038976553), array([1.58648527, 0.79334873, 0.19107459, 0.63752986, 0.14191262,
       6.49189339, 4.12790926, 1.55265062, 4.82253193]))
Max no. 130 | (np.float64(0.0001258914049915412), array([1.54024278, 0.76800458, 0.31053977, 1.04441015, 0.5865546 ,
       3.2128813 , 4.31176737, 1.3182276 , 5.16266156]))
Max no. 131 | (np.float64(0.00012539959073056694), array([1.14284155, 1.07403793, 0.62173663, 0.14915016, 0.26348557,
       3.29472806, 4.24970813, 1.03883588, 2.46941968]))
Max no. 132 | (np.float64(0.00012530629108757624), array([1.21814531, 0.97462587, 1.03198555, 0.29126369, 0.33652124,
       9.52417099, 5.56102538, 0.37649681, 1.25086338]))
Max no. 133 | (np.float64(0.00012479070153273149), array([1.58064201, 0.42946051, 0.93824978, 0.15105297, 0.20255718,
       5.61878651, 7.9801992 , 0.07848647, 6.69002065]))
Max no. 134 | (np.float64(0.00012461450225386734), array([ 1.19522793,  1.52802363,  0.14101572,  0.79087419,  0.3062102 ,
        2.09836425,  6.2016552 ,  0.11237172, 11.51787977]))
Max no. 135 | (np.float64(0.000124420879173148), array([ 1.55852386,  0.33897629,  0.49117555,  0.85702127,  0.16454681,
       10.97926173,  6.21009549,  0.75354406,  6.44386949]))
Max no. 136 | (np.float64(0.00012441140358325595), array([1.14482707, 1.32998873, 0.58970284, 0.1672475 , 0.25958669,
       2.57335975, 4.28289054, 1.06857608, 2.70921351]))
Max no. 137 | (np.float64(0.00012384307891473195), array([1.27830793, 0.83745497, 0.23640064, 0.4137295 , 0.60811751,
       3.77728372, 6.44490087, 0.4465851 , 3.86619211]))
Max no. 138 | (np.float64(0.0001236719973608038), array([1.57205583, 1.82619911, 0.27076708, 0.88668426, 0.33784704,
       7.13862951, 2.907632  , 1.69398902, 1.83141104]))
Max no. 139 | (np.float64(0.0001230670178677526), array([1.14503093, 1.48538775, 0.57291162, 0.13559456, 0.26421884,
       2.70524815, 4.16788152, 1.05728755, 2.57561528]))
Max no. 140 | (np.float64(0.0001230571844978496), array([1.59861162, 0.70855042, 0.82580126, 0.21867389, 0.14833074,
       3.13428536, 5.47751367, 0.51409536, 7.76597089]))
Max no. 141 | (np.float64(0.0001229388063238785), array([ 1.29406215,  1.65398117,  0.70448764,  0.71995875,  0.57512236,
        2.48068669, 11.6509792 ,  0.07114819,  8.0050325 ]))
Max no. 142 | (np.float64(0.00012267107916566616), array([ 1.36556785,  0.90500503,  0.41406603,  0.83006729,  0.57149867,
        5.73489445,  7.23841792,  1.64417344, 12.02255688]))
Max no. 143 | (np.float64(0.00012263045168391513), array([1.11997925, 1.59720615, 0.42878324, 0.2809781 , 0.48187188,
       2.37253836, 3.93768903, 1.25501383, 2.38632061]))
Max no. 144 | (np.float64(0.00012162049284416853), array([ 1.53684496,  1.61920262,  0.4105078 ,  0.13408836,  0.47559672,
       11.7369313 ,  2.60860546,  0.02674128,  5.64816571]))
Max no. 145 | (np.float64(0.00012151839938677582), array([1.57212698, 1.80791687, 0.27255581, 0.8864951 , 0.3374698 ,
       7.15228167, 2.90088266, 1.69409134, 1.84042556]))
Max no. 146 | (np.float64(0.00012131968531473865), array([1.59908393, 0.69940945, 0.82591633, 0.22213792, 0.14831556,
       3.15975244, 5.49421181, 0.51607571, 7.77823458]))
Max no. 147 | (np.float64(0.00012128347514992612), array([1.24020153, 0.63683171, 0.14768316, 0.15074272, 0.40221924,
       4.89397793, 3.23907993, 0.77996837, 8.17480911]))
Max no. 148 | (np.float64(0.00012098527513401868), array([1.14575027, 1.4396821 , 0.58116119, 0.14416016, 0.26524698,
       2.80464875, 4.1957567 , 1.05477896, 2.5410245 ]))
Max no. 149 | (np.float64(0.00012075233907477986), array([1.06582473, 0.61639027, 0.22501285, 0.35203647, 0.24697432,
       6.02437499, 4.54785758, 0.64837673, 7.98667491]))
Max no. 150 | (np.float64(0.00012040973325604421), array([1.57212165, 1.79877576, 0.27519949, 0.88664605, 0.33725657,
       7.16044928, 2.90046124, 1.69417534, 1.84636086]))
Max no. 151 | (np.float64(0.0001186500455225274), array([1.04517395, 0.95519892, 0.54906596, 0.11206852, 0.24523464,
       2.50350883, 4.51544156, 0.99552289, 2.80984925]))
Max no. 152 | (np.float64(0.000117099036124374), array([1.03671121, 0.40884704, 0.8591817 , 0.60419946, 0.27009275,
       1.69076569, 7.63900372, 0.828363  , 3.56893482]))
Max no. 153 | (np.float64(0.00011665380423144631), array([ 1.41273685,  0.64854362,  0.82533751,  0.48718211,  0.10334339,
        4.87663857,  1.73775147,  0.77036428, 12.16092643]))
Max no. 154 | (np.float64(0.00011552905159505036), array([1.14596623, 1.43054117, 0.58494391, 0.1478258 , 0.2649697 ,
       2.8006028 , 4.21490079, 1.05451732, 2.53358524]))
Max no. 155 | (np.float64(0.00011474613259010978), array([1.1455346 , 1.40311784, 0.59300453, 0.1572459 , 0.26457915,
       2.81719555, 4.24694922, 1.05307149, 2.52152913]))
Max no. 156 | (np.float64(0.00011375621806335427), array([ 1.56740515,  1.83768814,  0.21783261,  1.09365341,  0.19537831,
       10.85196816,  2.82485827,  1.13948599,  2.04016957]))
Max no. 157 | (np.float64(0.00011205460717433729), array([ 1.43513393,  1.65800714,  0.85209385,  0.35559145,  0.21279126,
        4.34159193, 11.34646641,  0.97320634,  2.34331343]))
Max no. 158 | (np.float64(0.0001116680661272554), array([1.03232925, 1.5418251 , 0.22701069, 0.01227018, 0.29814989,
       4.36151564, 5.10423469, 0.01301162, 1.21179493]))
Max no. 159 | (np.float64(0.00011100122439986471), array([ 1.60499929,  0.11437257,  0.67155177,  1.22699659,  0.29864521,
       12.24999267, 12.24998634,  0.28098419, 12.24996427]))
Max no. 160 | (np.float64(0.00011084549138036684), array([1.5972391 , 0.74511451, 0.82485012, 0.20615605, 0.1492283 ,
       3.07464479, 5.4299989 , 0.51548662, 7.71255862]))
Max no. 161 | (np.float64(0.00011080014392599263), array([1.23809733, 0.42141822, 0.2941    , 1.10902469, 0.12062948,
       7.51102988, 8.27327489, 0.29521076, 1.21000679]))
Max no. 162 | (np.float64(0.00011066235093982541), array([1.59952828, 0.68112763, 0.82749761, 0.22616559, 0.14830357,
       3.2239993 , 5.5104159 , 0.54190215, 7.8344132 ]))
Max no. 163 | (np.float64(0.00011060508611715235), array([1.17488785, 0.4664445 , 0.13125472, 0.36418226, 0.10305038,
       6.10428391, 9.73066128, 1.8405    , 6.48378196]))
Max no. 164 | (np.float64(0.00011033513986334689), array([1.38423307, 0.18254105, 0.66119958, 0.91330814, 0.30795185,
       1.30211368, 9.29571913, 1.0483383 , 2.16922682]))
Max no. 165 | (np.float64(0.00010955434256189607), array([1.14542149, 1.42139994, 0.58244104, 0.14623185, 0.2651367 ,
       2.82603254, 4.19885326, 1.05301408, 2.52251137]))
Max no. 166 | (np.float64(0.00010895337402015858), array([ 1.21353608,  0.39309174,  0.98499855,  0.98500057,  0.49410818,
        4.961826  , 12.03441319,  1.44772532,  2.89275034]))
Max no. 167 | (np.float64(0.00010855487725514813), array([1.57175263, 1.7804936 , 0.27798922, 0.88433025, 0.33558958,
       7.20468231, 2.82406349, 1.69412853, 1.85764539]))
Max no. 168 | (np.float64(0.00010624343328901135), array([1.17375939, 1.56978327, 0.33730918, 0.21714707, 0.39198753,
       2.2759648 , 3.87239266, 1.26125227, 2.47678374]))
Max no. 169 | (np.float64(0.00010415055921869704), array([1.1446994 , 1.26599987, 0.56234999, 0.12546192, 0.26431908,
       2.69970986, 4.10303303, 1.04427046, 2.47982746]))
Max no. 170 | (np.float64(0.00010389094591898323), array([1.32457944, 1.62200498, 0.90983268, 1.06683178, 0.16964564,
       1.5174614 , 4.45161293, 0.21335993, 9.11791264]))
Max no. 171 | (np.float64(0.00010366208850675725), array([1.36641562, 0.3507425 , 0.12137606, 0.59586893, 0.19222815,
       6.77324842, 8.32537923, 0.83381443, 4.01448339]))
Max no. 172 | (np.float64(0.00010343985093810418), array([1.60024018, 0.66284568, 0.82759148, 0.22985169, 0.14861153,
       3.2614482 , 5.53875348, 0.54527694, 7.85308144]))
Max no. 173 | (np.float64(0.00010036380827163185), array([1.38441298, 0.20082408, 0.6605276 , 0.90665152, 0.30804174,
       1.24630033, 9.26481021, 1.03567186, 2.11197936]))
Max no. 174 | (np.float64(0.00010031368216543578), array([1.32132161, 1.6946788 , 0.17239764, 0.06561448, 0.41851693,
       1.82727859, 7.44101413, 0.18384927, 7.52443931]))
Max no. 175 | (np.float64(9.420097056695211e-05), array([1.34970012, 0.26418771, 0.61932297, 0.33372821, 0.17341918,
       9.90044851, 5.23713107, 0.45766175, 5.14425196]))
Max no. 176 | (np.float64(9.332079381249254e-05), array([1.5720521 , 1.77135246, 0.27946611, 0.88790604, 0.33687387,
       7.18407383, 2.92411242, 1.694747  , 1.84617679]))
Max no. 177 | (np.float64(9.3294386145115e-05), array([ 1.48261933,  0.17240085,  0.87281308,  0.07145443,  0.14036089,
        4.1452638 , 10.79956762,  1.1251004 ,  8.16975654]))
Max no. 178 | (np.float64(9.279351487728293e-05), array([1.06650318, 0.59810869, 0.22867261, 0.35828277, 0.24471757,
       6.05805256, 4.56078806, 0.66845468, 8.03025036]))
Max no. 179 | (np.float64(8.633973131099061e-05), array([ 1.55163967,  1.7453392 ,  0.0460817 ,  0.06580937,  0.37273048,
        6.08310177, 11.77591054,  0.49086384,  8.84329514]))
Max no. 180 | (np.float64(8.237879290484633e-05), array([1.25626413, 1.7179334 , 0.54390296, 0.39547931, 0.21292397,
       4.73048423, 3.26051369, 1.29363199, 4.09708438]))
Max no. 181 | (np.float64(8.103304475740082e-05), array([ 1.42801389,  0.14500044,  0.15027764,  0.93827443,  0.27346318,
       10.6639265 , 11.29015591,  0.14693851,  1.86365119]))
Max no. 182 | (np.float64(8.090948015126068e-05), array([1.25619625, 1.70879236, 0.54448909, 0.39539978, 0.2119595 ,
       4.72927548, 3.2586679 , 1.29391279, 4.12666576]))
Max no. 183 | (np.float64(8.06162511905229e-05), array([ 1.53026272,  1.68629673,  0.98326875,  0.82797353,  0.27863223,
        3.89307589, 10.55127373,  0.82576392,  9.97738516]))
Max no. 184 | (np.float64(7.955024343493457e-05), array([ 1.2747817 ,  0.11210808,  0.33771072,  1.12757873,  0.2297891 ,
       11.67636745, 12.24999928,  0.04864525,  1.29562026]))
Max no. 185 | (np.float64(7.338133491955615e-05), array([1.42166482, 1.72681594, 0.68052602, 0.11928509, 0.5889152 ,
       9.51132524, 2.91994039, 0.21989535, 3.19251801]))
Max no. 186 | (np.float64(7.286743979316784e-05), array([ 1.17300988,  1.5795308 ,  0.10325456,  0.18512795,  0.23791628,
       10.40565972,  1.70191223,  0.9285867 ,  3.30965004]))
Max no. 187 | (np.float64(6.426827977730862e-05), array([ 1.59813151,  0.12199125,  0.9475133 ,  0.70936366,  0.3683913 ,
        9.39714034, 10.96582591,  0.50992658,  4.5605319 ]))
Max no. 188 | (np.float64(6.418505176342818e-05), array([ 1.17351687,  1.63437764,  0.09882608,  0.18670155,  0.23893632,
       10.39444987,  1.73446835,  0.9269068 ,  3.37028841]))
Max no. 189 | (np.float64(4.913897533752653e-05), array([ 1.03902238,  1.75242726,  0.36427544,  0.10287543,  0.23513204,
        6.90790919, 10.42191417,  0.51860775, 10.47299863]))
Max no. 190 | (np.float64(1.8205568281598122e-05), array([ 1.5053695 ,  0.09669229,  1.04111204,  0.74725422,  0.52619403,
       10.0241799 ,  9.31261993,  0.6554857 ,  6.83682083]))
Max no. 191 | (np.float64(-9.890080557210271e-07), array([ 1.012     ,  0.09047327,  0.67823887,  0.01227603,  0.18465742,
        8.69129293, 11.18345263,  0.15317927,  3.14734008]))
Max no. 192 | (np.float64(-2.726815095470255e-05), array([1.45414102, 0.07646532, 0.34133738, 0.57780007, 0.61349918,
       3.82168296, 3.78954609, 0.80846173, 2.95020567]))
Max no. 193 | (np.float64(-0.09240532768136829), array([1.605     , 0.01227   , 0.01818615, 0.0122707 , 0.43982809,
       1.21      , 1.47660565, 0.45344007, 1.22733324]))
Max no. 194 | (np.float64(-0.10607321833436932), array([1.38527546, 0.02271878, 0.01227   , 0.01236714, 0.50614525,
       1.21045889, 1.21000972, 0.44856374, 1.25366916]))
Max no. 195 | (np.float64(-0.11090785184052579), array([1.39662928, 0.03193293, 0.01227002, 0.01227028, 0.48050692,
       1.21066301, 1.21066304, 0.44840494, 1.2527356 ]))
Max no. 196 | (np.float64(-0.1295443509061307), array([1.25265724, 0.0671169 , 0.01227   , 0.01227   , 0.47855664,
       1.21      , 1.21      , 0.44883769, 1.24755727]))
Max no. 197 | (np.float64(-0.13085465584001943), array([1.41821583, 0.05797575, 0.02033702, 0.01238108, 0.43030144,
       1.21      , 1.21000077, 0.44805363, 1.25294891]))
Max no. 198 | (np.float64(-0.29476821156439953), array([1.2255149 , 0.04456713, 0.01598538, 1.09290849, 0.61162342,
       5.20624144, 1.39950367, 0.80551861, 1.39729516]))
Max no. 199 | (np.float64(-0.9639237109704761), array([1.15467924, 0.04971031, 0.01227   , 0.01456316, 0.61261344,
       1.21      , 1.21      , 0.01227   , 1.21      ]))
------------------------------------------------------------------------------------------------------------------------------------

------------------------------------------------------------------------------------------------------------------------------------
All maxima | (local maximum, local maximiser)
Max no. 0 | (np.float64(0.0004920626876424644), array([1.21990775, 0.85579282, 1.03282471, 0.30945597, 0.33287572,
       9.59544275, 5.65516404, 0.35696022, 1.21000183]))
Max no. 1 | (np.float64(0.00032916185361845935), array([1.29575734, 0.99217625, 0.11871115, 1.15824791, 0.06048651,
       3.03972309, 2.95475755, 0.68839749, 3.25884139]))
Max no. 2 | (np.float64(0.0003267898480391433), array([1.49180678, 1.37108619, 1.05410772, 0.71669725, 0.56620622,
       6.79565228, 9.12555934, 0.03349623, 7.99853951]))
Max no. 3 | (np.float64(0.00031661956764710643), array([1.35294349, 1.81741542, 0.95169105, 0.33744232, 0.30903138,
       8.3850402 , 6.52430617, 0.62279467, 4.6770362 ]))
Max no. 4 | (np.float64(0.0002916834920127663), array([1.20424011, 0.86523429, 0.42358422, 1.04230303, 0.41620154,
       3.09069665, 9.83918607, 0.09203903, 5.92397308]))
Max no. 5 | (np.float64(0.0002889946140050127), array([ 1.54521849,  0.74167095,  0.38794231,  0.14216907,  0.47643635,
       11.9933562 ,  3.2164664 ,  0.04517379,  5.4754062 ]))
Max no. 6 | (np.float64(0.00028678040960947865), array([ 1.38144889,  0.36768593,  0.68483624,  0.53645729,  0.13483036,
       12.23302207,  7.8319038 ,  1.27985448,  1.66107705]))
Max no. 7 | (np.float64(0.0002595032307398669), array([ 1.30424128,  1.59145133,  0.10204029,  0.25461491,  0.58466429,
        4.47757491, 10.74080773,  0.94393493,  3.41925939]))
Max no. 8 | (np.float64(0.00025438084275076903), array([1.27654704, 1.4838076 , 0.17603889, 1.14781905, 0.37878923,
       2.02559187, 5.64317564, 0.88229081, 8.54813003]))
Max no. 9 | (np.float64(0.00025436057113162645), array([1.19786841, 0.60928496, 0.42554138, 1.04640769, 0.41050782,
       3.05088289, 9.8496437 , 0.1217571 , 5.89168564]))
Max no. 10 | (np.float64(0.00024198842704272678), array([ 1.1476381 ,  0.88685746,  0.13147943,  0.70289742,  0.09185663,
        6.84956585, 12.11293629,  0.03268186,  5.75849984]))
Max no. 11 | (np.float64(0.00024111432987858892), array([1.42085302, 0.98410643, 0.2806501 , 1.13000739, 0.20025695,
       1.92249344, 9.94959473, 0.01720191, 9.72729482]))
Max no. 12 | (np.float64(0.00023799778725997422), array([ 1.09355621,  1.04027402,  0.93436714,  0.97978715,  0.35708729,
       11.36746909,  4.60208737,  0.78028534,  3.13509951]))
Max no. 13 | (np.float64(0.0002295570775910005), array([1.26529517, 1.6480184 , 0.09995172, 0.75807516, 0.32523343,
       7.28337079, 4.51259966, 0.01227   , 6.47355227]))
Max no. 14 | (np.float64(0.0002178980148576923), array([1.29486312, 1.00131721, 0.11731926, 1.15907795, 0.06086296,
       3.01415448, 2.94988107, 0.6954354 , 3.22482042]))
Max no. 15 | (np.float64(0.00021709482638605142), array([ 1.16522418,  0.30472485,  0.12387036,  0.47071386,  0.169783  ,
       10.46133562,  3.72182033,  0.80419769,  7.53802326]))
Max no. 16 | (np.float64(0.00021663656684413912), array([ 1.30817692,  1.6028475 ,  0.50792048,  0.44152745,  0.52436971,
        2.59148639, 10.57914181,  1.70998216, 11.71436088]))
Max no. 17 | (np.float64(0.00021527380963153896), array([1.08150138, 0.77098604, 0.21198518, 0.32748344, 0.58562529,
       3.94144803, 6.33260315, 0.01227   , 1.21      ]))
Max no. 18 | (np.float64(0.0002105555223292341), array([ 1.42269195,  1.03320444,  0.58627851,  0.58963654,  0.47931833,
        4.39013167,  5.68271851,  0.31781534, 10.01944725]))
Max no. 19 | (np.float64(0.00021011469860606188), array([ 1.44026206,  0.58902749,  1.12460598,  0.22063081,  0.33847346,
        7.09371978, 10.84158128,  0.61034334,  3.50005424]))
Max no. 20 | (np.float64(0.00020977280645217058), array([ 1.15597604,  1.05668313,  0.20811624,  1.02906175,  0.22653438,
       12.17251727,  3.15134016,  0.27709018,  2.58567865]))
Max no. 21 | (np.float64(0.00020725058102065238), array([1.21657585, 1.38992307, 0.46022415, 0.93554287, 0.49827714,
       3.46445815, 5.80838255, 0.8765552 , 1.24108422]))
Max no. 22 | (np.float64(0.00020050045638075932), array([1.42296882, 0.80151992, 0.3881223 , 0.95581414, 0.50474043,
       8.892643  , 9.22559204, 0.95026565, 6.58487369]))
Max no. 23 | (np.float64(0.00019931923496357135), array([ 1.43699475,  0.31426488,  0.85544485,  0.39543483,  0.2106491 ,
        4.4266532 , 11.52442172,  0.96409759,  2.29206333]))
Max no. 24 | (np.float64(0.0001990168526785037), array([ 1.46948198,  0.923201  ,  0.44026894,  0.43393674,  0.41848658,
        3.79576655, 12.2364881 ,  0.92654818,  1.41173055]))
Max no. 25 | (np.float64(0.00019901053502352067), array([1.08618199, 0.78128733, 0.04379227, 0.32579113, 0.60488004,
       6.59271154, 4.28444031, 0.14142994, 7.67073344]))
Max no. 26 | (np.float64(0.00019067755667535825), array([ 1.4396546 ,  0.57988533,  1.11590512,  0.23392448,  0.3409064 ,
        7.11780162, 10.84205803,  0.61612303,  3.51620703]))
Max no. 27 | (np.float64(0.00019034777639437666), array([ 1.56128221,  0.33094264,  0.50728268,  0.81557174,  0.43977261,
       12.19491317, 12.21061128,  0.18579629,  1.54783466]))
Max no. 28 | (np.float64(0.00019031273483185201), array([1.55396198, 0.80975016, 0.75478921, 0.53318702, 0.26390492,
       5.50028434, 4.25883218, 0.15497813, 1.81636176]))
Max no. 29 | (np.float64(0.0001879496539918898), array([1.3779428 , 0.49030535, 0.06225554, 0.07366529, 0.50796303,
       9.98832614, 4.1690975 , 1.75183636, 9.49564736]))
Max no. 30 | (np.float64(0.00018622314744893773), array([ 1.605     ,  1.09092879,  0.83512637,  0.58853042,  0.29216162,
       11.33792329, 12.21594232,  0.01950636,  1.22827595]))
Max no. 31 | (np.float64(0.0001843536727255538), array([ 1.03885897,  1.0462822 ,  0.11331615,  0.25176803,  0.43950492,
       11.72302216,  5.4257536 ,  0.29856583,  4.42545809]))
Max no. 32 | (np.float64(0.0001836693845978839), array([ 1.42262501,  1.02406336,  0.58663065,  0.59185312,  0.47784757,
        4.39041115,  5.68710823,  0.3202001 , 10.01773449]))
Max no. 33 | (np.float64(0.00018342802585753307), array([ 1.25107315,  0.29539808,  0.75747825,  0.59853439,  0.2394633 ,
        5.66207559, 11.35983143,  0.419986  ,  2.15174102]))
Max no. 34 | (np.float64(0.000182643844645675), array([1.51592819, 1.16338616, 0.19718215, 0.0756449 , 0.4354263 ,
       9.68141715, 5.68369951, 1.11945281, 4.23484176]))
Max no. 35 | (np.float64(0.00018220837501922718), array([ 1.37813684,  0.89495675,  0.60541055,  0.65304828,  0.43808423,
       12.24997486,  6.48151986,  0.11507715,  1.3229639 ]))
Max no. 36 | (np.float64(0.0001815002216534413), array([ 1.49150043,  0.92927732,  0.71925419,  0.18778846,  0.04356081,
        7.37673999, 11.68932518,  1.04787118,  5.99723687]))
Max no. 37 | (np.float64(0.00018049881686281986), array([ 1.22081513,  0.27884488,  0.22938107,  0.12722471,  0.370206  ,
       11.926144  ,  8.19092404,  1.3292055 ,  4.90440752]))
Max no. 38 | (np.float64(0.00017999570463357175), array([ 1.25738407,  1.68386822,  0.71819909,  0.64106249,  0.38680041,
       12.23291782,  7.9581119 ,  0.8217202 , 12.23324153]))
Max no. 39 | (np.float64(0.0001792870178336088), array([1.01980742, 0.56070331, 0.38765123, 0.71272727, 0.35427504,
       5.05465117, 8.67890214, 0.30867228, 1.50571196]))
Max no. 40 | (np.float64(0.0001787078095688571), array([1.26116683, 0.69775797, 0.45575902, 0.99802686, 0.05988973,
       8.93395758, 2.27430433, 1.7886352 , 2.39257931]))
Max no. 41 | (np.float64(0.00017768355144666154), array([ 1.17269752,  1.53610137,  0.81008523,  1.04351472,  0.55189389,
        1.44356467, 11.14383179,  0.71976382, 10.54601634]))
Max no. 42 | (np.float64(0.00017727555019514643), array([ 1.47170658,  1.30711747,  0.44144757,  0.41628593,  0.43004196,
        3.90225148, 12.0969162 ,  0.9443665 ,  1.70696324]))
Max no. 43 | (np.float64(0.0001765173802001579), array([1.13509496, 1.20201118, 0.56814347, 0.13408864, 0.24835028,
       2.94447104, 4.24730232, 1.03159477, 2.29272349]))
Max no. 44 | (np.float64(0.00017563661462404316), array([1.29575564, 0.44315724, 0.59683677, 0.24643263, 0.44426227,
       4.14124644, 9.85693348, 0.44094544, 1.30420981]))
Max no. 45 | (np.float64(0.00017460800895997692), array([1.47842245, 0.25313523, 0.11626503, 0.8486076 , 0.07840938,
       7.33441446, 4.0729282 , 1.11745893, 1.73550071]))
Max no. 46 | (np.float64(0.00017386489375969497), array([ 1.47158426,  1.29797632,  0.44148715,  0.41796989,  0.42976599,
        3.89782998, 12.09747287,  0.94419508,  1.70392643]))
Max no. 47 | (np.float64(0.00017314643871290988), array([ 1.4563278 ,  1.54799288,  0.75061767,  0.51009354,  0.12070925,
        3.3647287 ,  6.4643684 ,  0.28751426, 10.69866871]))
Max no. 48 | (np.float64(0.0001731443112657974), array([1.2229248 , 0.87407306, 1.0278998 , 0.3009159 , 0.33109295,
       9.51640687, 5.61705783, 0.3263867 , 1.21000365]))
Max no. 49 | (np.float64(0.00017244217322749482), array([1.14365472, 1.18372998, 0.57733943, 0.13703449, 0.26098849,
       2.97331287, 4.23340268, 1.03464974, 2.29077198]))
Max no. 50 | (np.float64(0.0001714073474382216), array([1.14388095, 1.22943563, 0.61262529, 0.12971371, 0.26506676,
       2.86453395, 4.30767971, 1.03222717, 2.18411475]))
Max no. 51 | (np.float64(0.00017119625094145398), array([1.29853179, 0.51323043, 0.43895916, 0.48299984, 0.34174278,
       6.20346545, 6.98819854, 0.85576206, 2.93245788]))
Max no. 52 | (np.float64(0.0001710852164061199), array([1.14445339, 1.28428187, 0.56315409, 0.13038089, 0.26053019,
       2.80550392, 4.09440238, 1.03988554, 2.1672785 ]))
Max no. 53 | (np.float64(0.00017105577743294745), array([ 1.47163474,  1.27969406,  0.44210057,  0.42061814,  0.42964293,
        3.90194684, 12.10330546,  0.94425143,  1.70738008]))
Max no. 54 | (np.float64(0.00016993528920609485), array([1.58023894, 0.22835434, 0.93969561, 0.10946563, 0.20238021,
       5.57680347, 7.91249966, 0.11007861, 6.73733458]))
Max no. 55 | (np.float64(0.00016977027322580233), array([ 1.43223624,  0.53205714,  0.70149824,  0.47740499,  0.25485595,
        7.29284495,  9.56473804,  0.99701831, 10.43070744]))
Max no. 56 | (np.float64(0.00016969567307419364), array([1.14339862, 1.23857664, 0.58774088, 0.13364519, 0.26490488,
       2.82099404, 4.16468056, 1.03497369, 2.22480676]))
Max no. 57 | (np.float64(0.00016954234985662846), array([1.1413732 , 1.11060761, 0.64284434, 0.17013454, 0.25746039,
       4.40383253, 4.34413711, 1.05018898, 2.60610657]))
Max no. 58 | (np.float64(0.00016842903074436248), array([1.50088779, 0.57805758, 0.89055855, 1.07979967, 0.34084831,
       3.76315556, 9.79404865, 1.2530392 , 3.14402666]))
Max no. 59 | (np.float64(0.00016814949384311135), array([1.44081919, 0.40202407, 0.30115799, 0.2115143 , 0.45913942,
       6.14480703, 3.92519035, 1.50597894, 8.47247077]))
Max no. 60 | (np.float64(0.00016736505893606154), array([1.22157395, 0.51799944, 0.19800447, 0.14261154, 0.40987079,
       5.16611647, 3.17668714, 0.80602608, 7.80841763]))
Max no. 61 | (np.float64(0.00016616502961092956), array([1.29340234, 1.01045843, 0.11608893, 1.1605223 , 0.06151793,
       2.98408967, 2.95015934, 0.70137203, 3.17337399]))
Max no. 62 | (np.float64(0.00016540687292174465), array([1.14383671, 1.21115307, 0.57092325, 0.13379184, 0.24598711,
       2.90546631, 4.22746773, 1.03259703, 2.3063426 ]))
Max no. 63 | (np.float64(0.00016452867933713737), array([ 1.47152663,  1.32539974,  0.44159651,  0.41713637,  0.43000421,
        3.89977909, 12.09556745,  0.9445691 ,  1.70764398]))
Max no. 64 | (np.float64(0.000163545665821598), array([1.44955934, 0.27580118, 0.09238292, 0.63319143, 0.18402811,
       5.53394266, 5.51730529, 1.2778838 , 9.23714045]))
Max no. 65 | (np.float64(0.0001635361763845025), array([1.14428338, 1.1928714 , 0.57719777, 0.13882793, 0.26035948,
       2.9511544 , 4.22908195, 1.04550789, 2.2799805 ]))
Max no. 66 | (np.float64(0.0001634224558246418), array([1.26181373, 0.67947588, 0.45991289, 0.99812031, 0.05993264,
       8.95541598, 2.30396775, 1.78858079, 2.41364448]))
Max no. 67 | (np.float64(0.0001627334946188397), array([1.14264703, 1.16544795, 0.60020812, 0.1412935 , 0.2651585 ,
       2.99559749, 4.198445  , 1.03424958, 2.31549048]))
Max no. 68 | (np.float64(0.00016247893131521903), array([1.14253854, 1.17458896, 0.60031323, 0.14061349, 0.26543934,
       2.97843144, 4.19331254, 1.03385158, 2.30840641]))
Max no. 69 | (np.float64(0.00016243341882837437), array([1.58055699, 0.21921341, 0.93996047, 0.10952229, 0.20238143,
       5.58453728, 7.91506884, 0.11971323, 6.7480809 ]))
Max no. 70 | (np.float64(0.00016118253624281676), array([1.21723772, 0.37993332, 0.54717609, 0.56301623, 0.2186579 ,
       3.65672898, 7.53440428, 0.77798855, 6.65764446]))
Max no. 71 | (np.float64(0.00016049798927953853), array([1.14647173, 1.22029448, 0.57186078, 0.13830194, 0.26460328,
       2.91145118, 4.16431976, 1.03381673, 2.27772368]))
Max no. 72 | (np.float64(0.00016005430569749577), array([1.14615111, 0.24645556, 0.12485573, 1.04840548, 0.10557836,
       4.6823237 , 8.40399434, 1.03548377, 2.22364676]))
Max no. 73 | (np.float64(0.0001597007116519213), array([1.58004619, 0.2374954 , 0.93891188, 0.1095361 , 0.20237127,
       5.57156879, 7.91456175, 0.10290445, 6.72691998]))
Max no. 74 | (np.float64(0.00015799642436233453), array([ 1.47163437,  1.31625862,  0.44156116,  0.4178576 ,  0.42983755,
        3.89995214, 12.09797807,  0.94434112,  1.7060697 ]))
Max no. 75 | (np.float64(0.00015519538099635527), array([1.46160944, 0.47802492, 0.713101  , 0.77272946, 0.52765686,
       4.84351712, 7.33378915, 1.8405    , 8.82242316]))
Max no. 76 | (np.float64(0.0001550782428939868), array([1.5003055 , 0.56891745, 0.89200966, 1.07943685, 0.34106972,
       3.79889318, 9.79545548, 1.25948263, 3.19907597]))
Max no. 77 | (np.float64(0.00015345131854118527), array([ 1.30921537,  1.10281759,  0.8604932 ,  0.91961002,  0.52575558,
       10.40529109, 11.08784504,  0.08919451,  4.77920757]))
Max no. 78 | (np.float64(0.0001519126484732998), array([1.32050548, 1.39897666, 0.30577491, 0.94251619, 0.46553717,
       3.62741521, 7.65513752, 0.58466295, 1.54368632]))
Max no. 79 | (np.float64(0.000150642517688126), array([ 1.5270554 ,  1.73275838,  0.21443683,  0.68360756,  0.57548461,
        4.64561955, 11.75797144,  0.01604149, 12.24984271]))
Max no. 80 | (np.float64(0.00015041580336854163), array([1.46661193, 0.48716369, 0.70936401, 0.7825235 , 0.5282145 ,
       4.86254027, 7.23691451, 1.83894294, 8.77406343]))
Max no. 81 | (np.float64(0.0001491525155234328), array([ 1.07613309,  1.35942279,  0.52873037,  0.19074888,  0.14388251,
        3.30651162,  9.84801509,  1.18944708, 12.22120326]))
Max no. 82 | (np.float64(0.0001478461412127817), array([1.14327543, 1.33912968, 0.60136056, 0.17196816, 0.26458006,
       2.65506184, 4.31830484, 1.06413979, 2.64464163]))
Max no. 83 | (np.float64(0.00014763085861559634), array([1.605     , 0.62935175, 0.27305514, 0.44162409, 0.49157305,
       3.2275271 , 9.15196891, 0.15059262, 3.06827814]))
Max no. 84 | (np.float64(0.0001469230595174709), array([1.13475741, 1.13802513, 0.61425108, 0.14176483, 0.26490383,
       3.11496764, 4.22371025, 1.03204376, 2.35031878]))
Max no. 85 | (np.float64(0.00014678599844275206), array([ 1.38944597,  1.0707242 ,  0.89226601,  0.18638048,  0.17963838,
       10.95185366,  7.33285437,  1.5802888 ,  4.69449471]))
Max no. 86 | (np.float64(0.00014615560612156188), array([1.34006388, 1.13081123, 0.17404789, 0.35651039, 0.35857207,
       8.27079656, 1.71938825, 1.29865933, 2.99278823]))
Max no. 87 | (np.float64(0.00014539437209297717), array([1.1566707 , 0.161673  , 0.26355558, 0.68818372, 0.06280586,
       7.95840793, 6.47790112, 0.80231197, 6.62194861]))
Max no. 88 | (np.float64(0.00014466017282807118), array([1.0914554 , 0.90949477, 0.51832753, 0.1125716 , 0.223747  ,
       2.82324369, 5.26047665, 1.02464311, 2.40033407]))
Max no. 89 | (np.float64(0.0001444546909260734), array([1.1967181 , 0.37439815, 0.05560931, 0.89237939, 0.03681   ,
       4.1288999 , 7.470297  , 1.02478001, 2.86048129]))
Max no. 90 | (np.float64(0.00014281381663878518), array([ 1.11171883,  0.82814773,  0.0363585 ,  1.12845064,  0.27114944,
       12.08556767,  1.89038812,  0.14923514,  4.62578017]))
Max no. 91 | (np.float64(0.00014280820813582657), array([1.0599187 , 0.96913417, 0.07218928, 0.61738947, 0.38953905,
       6.86551374, 1.78199425, 0.11738511, 5.70584213]))
Max no. 92 | (np.float64(0.0001425591841201449), array([ 1.43699276,  0.3051178 ,  0.85382571,  0.36623175,  0.21195595,
        4.2300082 , 11.43350664,  0.95997013,  2.28914251]))
Max no. 93 | (np.float64(0.00014029811186606602), array([1.2381267 , 0.65511399, 0.1505196 , 0.14835309, 0.40313304,
       4.90478175, 3.21954973, 0.77361221, 8.12421568]))
Max no. 94 | (np.float64(0.00013916558474806877), array([1.19441732, 0.18848625, 1.02167877, 0.37565297, 0.33038212,
       9.46135899, 5.86954606, 0.30874378, 1.46721498]))
Max no. 95 | (np.float64(0.0001388201446345127), array([ 1.39381301,  1.44810889,  1.04889691,  0.47106678,  0.25419295,
        1.97419043, 11.61390516,  0.35482912, 11.09311201]))
Max no. 96 | (np.float64(0.00013872624754306), array([1.15645317, 1.25023626, 0.44891231, 1.02491935, 0.30179908,
       1.21001571, 3.58144393, 0.19466362, 7.16902577]))
Max no. 97 | (np.float64(0.00013833391889534459), array([1.51398698, 0.43739624, 0.3032875 , 0.4062762 , 0.49587978,
       3.70263744, 9.64792682, 0.18158155, 2.47261257]))
Max no. 98 | (np.float64(0.00013804661153629278), array([1.26635907, 0.15801224, 0.15410915, 0.76572659, 0.31402661,
       7.40758335, 4.26770379, 0.01227   , 6.47229397]))
Max no. 99 | (np.float64(0.00013663402512632393), array([1.14637743, 1.41225906, 0.58577569, 0.14624499, 0.26467295,
       2.93505995, 4.2258366 , 1.05495486, 2.55303776]))
Max no. 100 | (np.float64(0.00013611433446680576), array([1.44585441, 0.5337812 , 0.55787859, 1.19343559, 0.10648203,
       7.62048954, 2.63730064, 0.48798008, 1.99182756]))
Max no. 101 | (np.float64(0.0001360704496932061), array([1.14314029, 1.08317879, 0.61100352, 0.14848724, 0.26387091,
       3.23784551, 4.3254684 , 1.04496366, 2.39965281]))
Max no. 102 | (np.float64(0.00013596892856211756), array([1.37877142, 0.81778351, 0.92665207, 1.21266879, 0.41294644,
       8.5146247 , 3.54300545, 1.12100848, 1.56412991]))
Max no. 103 | (np.float64(0.0001356880704522279), array([1.05735143, 0.94171769, 0.07262275, 0.61562958, 0.38361105,
       6.90220405, 1.80254792, 0.13937576, 5.37061785]))
Max no. 104 | (np.float64(0.00013527128009301187), array([1.56648517, 1.50315224, 0.2136239 , 0.24646259, 0.35984574,
       7.65435084, 6.43750709, 1.03090874, 3.12789341]))
Max no. 105 | (np.float64(0.0001348670277238239), array([1.1442054 , 1.37569417, 0.59858102, 0.16657013, 0.26456422,
       2.65595525, 4.28276958, 1.05949884, 2.58785698]))
Max no. 106 | (np.float64(0.0001346176546610286), array([1.14179335, 1.11974291, 0.60138967, 0.14453965, 0.26654791,
       3.19413328, 4.2096336 , 1.03483714, 2.37859494]))
Max no. 107 | (np.float64(0.00013382642278808758), array([1.60481911, 1.75827173, 0.09195613, 1.22686749, 0.31929636,
       3.38258223, 5.76834231, 0.671737  , 1.22038086]))
Max no. 108 | (np.float64(0.00013323736343356699), array([1.0671421 , 0.71694179, 0.20577774, 0.33624047, 0.25241916,
       5.94498384, 4.50960088, 0.61583574, 7.99058452]))
Max no. 109 | (np.float64(0.00013288742216742056), array([1.52037323, 0.45566767, 0.27535003, 0.39971009, 0.47181677,
       3.37791616, 9.25547382, 0.17616208, 2.41328689]))
Max no. 110 | (np.float64(0.00013278197290832587), array([1.60429264, 0.21015795, 1.02401173, 0.11796163, 0.20202871,
       7.30761348, 8.21477879, 0.67657602, 8.34558149]))
Max no. 111 | (np.float64(0.00013274547913506892), array([1.59944676, 1.2570198 , 0.82695038, 0.22553788, 0.14843032,
       3.21459031, 5.5115957 , 0.53028169, 7.80040835]))
Max no. 112 | (np.float64(0.00013264500629437916), array([1.07640915, 1.51493667, 0.34739146, 0.28819749, 0.48104448,
       2.46268929, 3.96221754, 1.26502874, 2.60775614]))
Max no. 113 | (np.float64(0.00013156050977838272), array([1.13533007, 1.1471661 , 0.59681691, 0.14061819, 0.26610961,
       3.18821057, 4.19653806, 1.03107162, 2.354851  ]))
Max no. 114 | (np.float64(0.00013086777460950054), array([1.18459921, 1.78917029, 0.34665377, 0.32311565, 0.38478715,
       2.34599853, 3.64620424, 1.25844558, 2.56698009]))
Max no. 115 | (np.float64(0.00013083771224381096), array([ 1.55495776,  1.66919262,  0.17943814,  0.16488555,  0.45678675,
        9.24233996, 10.53042834,  0.56933298,  6.69914143]))
Max no. 116 | (np.float64(0.00013053265578414562), array([ 1.14264169,  0.94697499,  0.03811515,  1.14817589,  0.28030148,
       11.5897164 ,  2.71591966,  0.25103757,  3.06634245]))
Max no. 117 | (np.float64(0.0001297780640574748), array([ 1.40700204,  1.55834328,  0.58551531,  0.0197852 ,  0.2409264 ,
        3.93500348, 11.76701284,  1.51833314,  7.09343864]))
Max no. 118 | (np.float64(0.0001297286667896028), array([1.06502518, 0.726083  , 0.20572561, 0.3381544 , 0.24941451,
       5.96593816, 4.49788621, 0.61657746, 7.92116376]))
Max no. 119 | (np.float64(0.00012960067095428392), array([1.14597493, 1.45796441, 0.57714572, 0.13836662, 0.26385439,
       2.78754616, 4.18869896, 1.05748649, 2.57555106]))
Max no. 120 | (np.float64(0.00012844032201437213), array([1.1452175 , 1.4945289 , 0.57133771, 0.13404368, 0.26403222,
       2.70128136, 4.16154016, 1.05837018, 2.58599697]))
Max no. 121 | (np.float64(0.0001282982869441382), array([ 1.13507359,  0.54830367,  0.46288706,  0.55342568,  0.28198528,
        4.89806014, 11.39249805,  0.26390749,  5.22765792]))
Max no. 122 | (np.float64(0.00012791234780362698), array([1.46521734, 0.35004664, 0.7146064 , 0.81817989, 0.51598215,
       4.7703965 , 7.22326488, 1.82951094, 8.77967862]))
Max no. 123 | (np.float64(0.00012783207700543017), array([1.605     , 0.49830516, 0.83470887, 0.27900716, 0.1501638 ,
       3.42594944, 5.70033685, 0.48791991, 7.93225937]))
Max no. 124 | (np.float64(0.0001275346737054747), array([1.32891331, 1.35263985, 0.53480843, 1.22398707, 0.03729921,
       6.36381701, 8.70704102, 0.01609177, 7.57850598]))
Max no. 125 | (np.float64(0.00012746450037599217), array([1.06520645, 0.75350639, 0.2077576 , 0.33726133, 0.24931089,
       5.95966967, 4.49323433, 0.61676142, 7.9361564 ]))
Max no. 126 | (np.float64(0.00012663970793351463), array([1.51500848, 0.13201754, 0.33869291, 0.92883417, 0.24478   ,
       8.50468626, 7.9888947 , 0.48975406, 3.3624866 ]))
Max no. 127 | (np.float64(0.0001266006935329617), array([ 1.15879434,  0.84643076,  0.01904648,  0.70663714,  0.07906522,
       12.25      ,  2.35420525,  0.20534985,  4.30102828]))
Max no. 128 | (np.float64(0.00012610352423211296), array([ 1.48838292,  1.47044435,  0.86653294,  0.10917245,  0.13133576,
        4.2810286 , 10.81874693,  1.13778347,  8.21165246]))
Max no. 129 | (np.float64(0.00012598543038976553), array([1.58648527, 0.79334873, 0.19107459, 0.63752986, 0.14191262,
       6.49189339, 4.12790926, 1.55265062, 4.82253193]))
Max no. 130 | (np.float64(0.0001258914049915412), array([1.54024278, 0.76800458, 0.31053977, 1.04441015, 0.5865546 ,
       3.2128813 , 4.31176737, 1.3182276 , 5.16266156]))
Max no. 131 | (np.float64(0.00012539959073056694), array([1.14284155, 1.07403793, 0.62173663, 0.14915016, 0.26348557,
       3.29472806, 4.24970813, 1.03883588, 2.46941968]))
Max no. 132 | (np.float64(0.00012530629108757624), array([1.21814531, 0.97462587, 1.03198555, 0.29126369, 0.33652124,
       9.52417099, 5.56102538, 0.37649681, 1.25086338]))
Max no. 133 | (np.float64(0.00012479070153273149), array([1.58064201, 0.42946051, 0.93824978, 0.15105297, 0.20255718,
       5.61878651, 7.9801992 , 0.07848647, 6.69002065]))
Max no. 134 | (np.float64(0.00012461450225386734), array([ 1.19522793,  1.52802363,  0.14101572,  0.79087419,  0.3062102 ,
        2.09836425,  6.2016552 ,  0.11237172, 11.51787977]))
Max no. 135 | (np.float64(0.000124420879173148), array([ 1.55852386,  0.33897629,  0.49117555,  0.85702127,  0.16454681,
       10.97926173,  6.21009549,  0.75354406,  6.44386949]))
Max no. 136 | (np.float64(0.00012441140358325595), array([1.14482707, 1.32998873, 0.58970284, 0.1672475 , 0.25958669,
       2.57335975, 4.28289054, 1.06857608, 2.70921351]))
Max no. 137 | (np.float64(0.00012384307891473195), array([1.27830793, 0.83745497, 0.23640064, 0.4137295 , 0.60811751,
       3.77728372, 6.44490087, 0.4465851 , 3.86619211]))
Max no. 138 | (np.float64(0.0001236719973608038), array([1.57205583, 1.82619911, 0.27076708, 0.88668426, 0.33784704,
       7.13862951, 2.907632  , 1.69398902, 1.83141104]))
Max no. 139 | (np.float64(0.0001230670178677526), array([1.14503093, 1.48538775, 0.57291162, 0.13559456, 0.26421884,
       2.70524815, 4.16788152, 1.05728755, 2.57561528]))
Max no. 140 | (np.float64(0.0001230571844978496), array([1.59861162, 0.70855042, 0.82580126, 0.21867389, 0.14833074,
       3.13428536, 5.47751367, 0.51409536, 7.76597089]))
Max no. 141 | (np.float64(0.0001229388063238785), array([ 1.29406215,  1.65398117,  0.70448764,  0.71995875,  0.57512236,
        2.48068669, 11.6509792 ,  0.07114819,  8.0050325 ]))
Max no. 142 | (np.float64(0.00012267107916566616), array([ 1.36556785,  0.90500503,  0.41406603,  0.83006729,  0.57149867,
        5.73489445,  7.23841792,  1.64417344, 12.02255688]))
Max no. 143 | (np.float64(0.00012263045168391513), array([1.11997925, 1.59720615, 0.42878324, 0.2809781 , 0.48187188,
       2.37253836, 3.93768903, 1.25501383, 2.38632061]))
Max no. 144 | (np.float64(0.00012162049284416853), array([ 1.53684496,  1.61920262,  0.4105078 ,  0.13408836,  0.47559672,
       11.7369313 ,  2.60860546,  0.02674128,  5.64816571]))
Max no. 145 | (np.float64(0.00012151839938677582), array([1.57212698, 1.80791687, 0.27255581, 0.8864951 , 0.3374698 ,
       7.15228167, 2.90088266, 1.69409134, 1.84042556]))
Max no. 146 | (np.float64(0.00012131968531473865), array([1.59908393, 0.69940945, 0.82591633, 0.22213792, 0.14831556,
       3.15975244, 5.49421181, 0.51607571, 7.77823458]))
Max no. 147 | (np.float64(0.00012128347514992612), array([1.24020153, 0.63683171, 0.14768316, 0.15074272, 0.40221924,
       4.89397793, 3.23907993, 0.77996837, 8.17480911]))
Max no. 148 | (np.float64(0.00012098527513401868), array([1.14575027, 1.4396821 , 0.58116119, 0.14416016, 0.26524698,
       2.80464875, 4.1957567 , 1.05477896, 2.5410245 ]))
Max no. 149 | (np.float64(0.00012075233907477986), array([1.06582473, 0.61639027, 0.22501285, 0.35203647, 0.24697432,
       6.02437499, 4.54785758, 0.64837673, 7.98667491]))
Max no. 150 | (np.float64(0.00012040973325604421), array([1.57212165, 1.79877576, 0.27519949, 0.88664605, 0.33725657,
       7.16044928, 2.90046124, 1.69417534, 1.84636086]))
Max no. 151 | (np.float64(0.0001186500455225274), array([1.04517395, 0.95519892, 0.54906596, 0.11206852, 0.24523464,
       2.50350883, 4.51544156, 0.99552289, 2.80984925]))
Max no. 152 | (np.float64(0.000117099036124374), array([1.03671121, 0.40884704, 0.8591817 , 0.60419946, 0.27009275,
       1.69076569, 7.63900372, 0.828363  , 3.56893482]))
Max no. 153 | (np.float64(0.00011665380423144631), array([ 1.41273685,  0.64854362,  0.82533751,  0.48718211,  0.10334339,
        4.87663857,  1.73775147,  0.77036428, 12.16092643]))
Max no. 154 | (np.float64(0.00011552905159505036), array([1.14596623, 1.43054117, 0.58494391, 0.1478258 , 0.2649697 ,
       2.8006028 , 4.21490079, 1.05451732, 2.53358524]))
Max no. 155 | (np.float64(0.00011474613259010978), array([1.1455346 , 1.40311784, 0.59300453, 0.1572459 , 0.26457915,
       2.81719555, 4.24694922, 1.05307149, 2.52152913]))
Max no. 156 | (np.float64(0.00011375621806335427), array([ 1.56740515,  1.83768814,  0.21783261,  1.09365341,  0.19537831,
       10.85196816,  2.82485827,  1.13948599,  2.04016957]))
Max no. 157 | (np.float64(0.00011205460717433729), array([ 1.43513393,  1.65800714,  0.85209385,  0.35559145,  0.21279126,
        4.34159193, 11.34646641,  0.97320634,  2.34331343]))
Max no. 158 | (np.float64(0.0001116680661272554), array([1.03232925, 1.5418251 , 0.22701069, 0.01227018, 0.29814989,
       4.36151564, 5.10423469, 0.01301162, 1.21179493]))
Max no. 159 | (np.float64(0.00011100122439986471), array([ 1.60499929,  0.11437257,  0.67155177,  1.22699659,  0.29864521,
       12.24999267, 12.24998634,  0.28098419, 12.24996427]))
Max no. 160 | (np.float64(0.00011084549138036684), array([1.5972391 , 0.74511451, 0.82485012, 0.20615605, 0.1492283 ,
       3.07464479, 5.4299989 , 0.51548662, 7.71255862]))
Max no. 161 | (np.float64(0.00011080014392599263), array([1.23809733, 0.42141822, 0.2941    , 1.10902469, 0.12062948,
       7.51102988, 8.27327489, 0.29521076, 1.21000679]))
Max no. 162 | (np.float64(0.00011066235093982541), array([1.59952828, 0.68112763, 0.82749761, 0.22616559, 0.14830357,
       3.2239993 , 5.5104159 , 0.54190215, 7.8344132 ]))
Max no. 163 | (np.float64(0.00011060508611715235), array([1.17488785, 0.4664445 , 0.13125472, 0.36418226, 0.10305038,
       6.10428391, 9.73066128, 1.8405    , 6.48378196]))
Max no. 164 | (np.float64(0.00011033513986334689), array([1.38423307, 0.18254105, 0.66119958, 0.91330814, 0.30795185,
       1.30211368, 9.29571913, 1.0483383 , 2.16922682]))
Max no. 165 | (np.float64(0.00010955434256189607), array([1.14542149, 1.42139994, 0.58244104, 0.14623185, 0.2651367 ,
       2.82603254, 4.19885326, 1.05301408, 2.52251137]))
Max no. 166 | (np.float64(0.00010895337402015858), array([ 1.21353608,  0.39309174,  0.98499855,  0.98500057,  0.49410818,
        4.961826  , 12.03441319,  1.44772532,  2.89275034]))
Max no. 167 | (np.float64(0.00010855487725514813), array([1.57175263, 1.7804936 , 0.27798922, 0.88433025, 0.33558958,
       7.20468231, 2.82406349, 1.69412853, 1.85764539]))
Max no. 168 | (np.float64(0.00010624343328901135), array([1.17375939, 1.56978327, 0.33730918, 0.21714707, 0.39198753,
       2.2759648 , 3.87239266, 1.26125227, 2.47678374]))
Max no. 169 | (np.float64(0.00010415055921869704), array([1.1446994 , 1.26599987, 0.56234999, 0.12546192, 0.26431908,
       2.69970986, 4.10303303, 1.04427046, 2.47982746]))
Max no. 170 | (np.float64(0.00010389094591898323), array([1.32457944, 1.62200498, 0.90983268, 1.06683178, 0.16964564,
       1.5174614 , 4.45161293, 0.21335993, 9.11791264]))
Max no. 171 | (np.float64(0.00010366208850675725), array([1.36641562, 0.3507425 , 0.12137606, 0.59586893, 0.19222815,
       6.77324842, 8.32537923, 0.83381443, 4.01448339]))
Max no. 172 | (np.float64(0.00010343985093810418), array([1.60024018, 0.66284568, 0.82759148, 0.22985169, 0.14861153,
       3.2614482 , 5.53875348, 0.54527694, 7.85308144]))
Max no. 173 | (np.float64(0.00010036380827163185), array([1.38441298, 0.20082408, 0.6605276 , 0.90665152, 0.30804174,
       1.24630033, 9.26481021, 1.03567186, 2.11197936]))
Max no. 174 | (np.float64(0.00010031368216543578), array([1.32132161, 1.6946788 , 0.17239764, 0.06561448, 0.41851693,
       1.82727859, 7.44101413, 0.18384927, 7.52443931]))
Max no. 175 | (np.float64(9.420097056695211e-05), array([1.34970012, 0.26418771, 0.61932297, 0.33372821, 0.17341918,
       9.90044851, 5.23713107, 0.45766175, 5.14425196]))
Max no. 176 | (np.float64(9.332079381249254e-05), array([1.5720521 , 1.77135246, 0.27946611, 0.88790604, 0.33687387,
       7.18407383, 2.92411242, 1.694747  , 1.84617679]))
Max no. 177 | (np.float64(9.3294386145115e-05), array([ 1.48261933,  0.17240085,  0.87281308,  0.07145443,  0.14036089,
        4.1452638 , 10.79956762,  1.1251004 ,  8.16975654]))
Max no. 178 | (np.float64(9.279351487728293e-05), array([1.06650318, 0.59810869, 0.22867261, 0.35828277, 0.24471757,
       6.05805256, 4.56078806, 0.66845468, 8.03025036]))
Max no. 179 | (np.float64(8.633973131099061e-05), array([ 1.55163967,  1.7453392 ,  0.0460817 ,  0.06580937,  0.37273048,
        6.08310177, 11.77591054,  0.49086384,  8.84329514]))
Max no. 180 | (np.float64(8.237879290484633e-05), array([1.25626413, 1.7179334 , 0.54390296, 0.39547931, 0.21292397,
       4.73048423, 3.26051369, 1.29363199, 4.09708438]))
Max no. 181 | (np.float64(8.103304475740082e-05), array([ 1.42801389,  0.14500044,  0.15027764,  0.93827443,  0.27346318,
       10.6639265 , 11.29015591,  0.14693851,  1.86365119]))
Max no. 182 | (np.float64(8.090948015126068e-05), array([1.25619625, 1.70879236, 0.54448909, 0.39539978, 0.2119595 ,
       4.72927548, 3.2586679 , 1.29391279, 4.12666576]))
Max no. 183 | (np.float64(8.06162511905229e-05), array([ 1.53026272,  1.68629673,  0.98326875,  0.82797353,  0.27863223,
        3.89307589, 10.55127373,  0.82576392,  9.97738516]))
Max no. 184 | (np.float64(7.955024343493457e-05), array([ 1.2747817 ,  0.11210808,  0.33771072,  1.12757873,  0.2297891 ,
       11.67636745, 12.24999928,  0.04864525,  1.29562026]))
Max no. 185 | (np.float64(7.338133491955615e-05), array([1.42166482, 1.72681594, 0.68052602, 0.11928509, 0.5889152 ,
       9.51132524, 2.91994039, 0.21989535, 3.19251801]))
Max no. 186 | (np.float64(7.286743979316784e-05), array([ 1.17300988,  1.5795308 ,  0.10325456,  0.18512795,  0.23791628,
       10.40565972,  1.70191223,  0.9285867 ,  3.30965004]))
Max no. 187 | (np.float64(6.426827977730862e-05), array([ 1.59813151,  0.12199125,  0.9475133 ,  0.70936366,  0.3683913 ,
        9.39714034, 10.96582591,  0.50992658,  4.5605319 ]))
Max no. 188 | (np.float64(6.418505176342818e-05), array([ 1.17351687,  1.63437764,  0.09882608,  0.18670155,  0.23893632,
       10.39444987,  1.73446835,  0.9269068 ,  3.37028841]))
Max no. 189 | (np.float64(4.913897533752653e-05), array([ 1.03902238,  1.75242726,  0.36427544,  0.10287543,  0.23513204,
        6.90790919, 10.42191417,  0.51860775, 10.47299863]))
Max no. 190 | (np.float64(1.8205568281598122e-05), array([ 1.5053695 ,  0.09669229,  1.04111204,  0.74725422,  0.52619403,
       10.0241799 ,  9.31261993,  0.6554857 ,  6.83682083]))
Max no. 191 | (np.float64(-9.890080557210271e-07), array([ 1.012     ,  0.09047327,  0.67823887,  0.01227603,  0.18465742,
        8.69129293, 11.18345263,  0.15317927,  3.14734008]))
Max no. 192 | (np.float64(-2.726815095470255e-05), array([1.45414102, 0.07646532, 0.34133738, 0.57780007, 0.61349918,
       3.82168296, 3.78954609, 0.80846173, 2.95020567]))
Max no. 193 | (np.float64(-0.09240532768136829), array([1.605     , 0.01227   , 0.01818615, 0.0122707 , 0.43982809,
       1.21      , 1.47660565, 0.45344007, 1.22733324]))
Max no. 194 | (np.float64(-0.10607321833436932), array([1.38527546, 0.02271878, 0.01227   , 0.01236714, 0.50614525,
       1.21045889, 1.21000972, 0.44856374, 1.25366916]))
Max no. 195 | (np.float64(-0.11090785184052579), array([1.39662928, 0.03193293, 0.01227002, 0.01227028, 0.48050692,
       1.21066301, 1.21066304, 0.44840494, 1.2527356 ]))
Max no. 196 | (np.float64(-0.1295443509061307), array([1.25265724, 0.0671169 , 0.01227   , 0.01227   , 0.47855664,
       1.21      , 1.21      , 0.44883769, 1.24755727]))
Max no. 197 | (np.float64(-0.13085465584001943), array([1.41821583, 0.05797575, 0.02033702, 0.01238108, 0.43030144,
       1.21      , 1.21000077, 0.44805363, 1.25294891]))
Max no. 198 | (np.float64(-0.29476821156439953), array([1.2255149 , 0.04456713, 0.01598538, 1.09290849, 0.61162342,
       5.20624144, 1.39950367, 0.80551861, 1.39729516]))
Max no. 199 | (np.float64(-0.9639237109704761), array([1.15467924, 0.04971031, 0.01227   , 0.01456316, 0.61261344,
       1.21      , 1.21      , 0.01227   , 1.21      ]))
------------------------------------------------------------------------------------------------------------------------------------
